  0.194341355  0.0360271897  0.106194906  0.130992814  0.134288145
  0.0808638051  0.0228081144  0.33305308  0.178728072  0.264816207
  0.444996095  0.17546166  0.167694618  0.254931386  0.0555925474  0.111234786
  0.287257883  0.0451100632  0.111056489  0.047206197
  0.0197937754  0.795714224  0.0608469311  0.105274954  0.0463678727
  0.115634162  0.156172604  0.107119236  0.159283029  0.107902157
  0.666150096  0.0296574168  0.11743046  0.153724154  0.0838695288
  0.0636745243  0.1458307  0.103682896  0.0573293651  0.0825518875
  0.184465701  0.0298686147  0.0978276369  0.0887767455  0.606419495
  0.0748998145  0.12252947  0.173405314  0.040510292  0.144420924
  0.0197934334  0.795712405  0.0608469034  0.105275052  0.0463679287
  0.11563372  0.15617079  0.10711874  0.159283154  0.107902184
  0.108920263  0.0270987795  0.0894755962  0.0970603378  0.333869349
  0.0714574367  0.0535037229  0.298215133  0.109773533  0.302800275
  0.0450371651  0.0837115073  0.077473986  0.216796852  0.325925336
  0.0582790178  0.176061466  0.0749635368  0.0538103722  0.129069403
  0.211290411  0.12698548  0.0821904205  0.027063786  0.196060174  0.0683692812
  0.417556313  0.0686006362  0.0611050683  0.0664131325
  0.0817771381  0.0411794236  0.0520019087  0.0323804793  0.242344239
  0.0490909832  0.0579063032  0.302372918  0.0887590299  0.273228349
  0.679815069  0.0250673237  0.135102825  0.182572102  0.100563324
  0.0681779173  0.117104718  0.112387019  0.0689671506  0.0970956915
  0.463341169  0.0196326206  0.11896881  0.101513322  0.192343381  0.0630204002
  0.0676987339  0.123847857  0.0765605769  0.103771552
  0.100929977  0.0358595409  0.0744295166  0.0545998524  0.23998329
  0.0594227953  0.0671143051  0.307874928  0.148049771  0.36698921
  0.699348916  0.0218134072  0.141676591  0.151777949  0.133570225
  0.0784050685  0.121874973  0.135402998  0.0845410926  0.117396201
  0.0203402271  0.751646081  0.0564787607  0.0749048168  0.0349667304
  0.0968704291  0.156692045  0.0958291287  0.170830939  0.106926869
  0.354161627  0.0513785375  0.168362189  0.462669862  0.0758654376
  0.0788770013  0.0720491898  0.0748098794  0.113685971  0.0960558276
  0.239211352  0.0183227157  0.109434312  0.0937129802  0.381454781
  0.070336883  0.0539972447  0.277782324  0.0872561528  0.231488171
  0.450767745  0.0203378967  0.127913691  0.234090397  0.0817384758
  0.0554091848  0.0627356922  0.13573015  0.0779737467  0.133594009
  0.262926078  0.108424809  0.226668298  0.640831891  0.100814719  0.121396531
  0.0970627672  0.0812491637  0.141518333  0.103174869
  0.157226829  0.0372433385  0.118571227  0.114906724  0.642278711  0.10093612
  0.120933881  0.253723799  0.0711598218  0.228483399
  0.109386861  0.0521569316  0.0910434507  0.0883059892  0.141848929
  0.07334696  0.0395594442  0.334925095  0.193261024  0.336295132
  0.11089741  0.12077711  0.0648051255  0.064422679  0.115151383  0.0501649494
  0.576546338  0.0323797673  0.0575438372  0.0750928519
  0.0600180725  0.196286932  0.0435226128  0.0278226567  0.194562199
  0.0464897834  0.435485337  0.0436897427  0.0308370478  0.0560610082
  0.349367692  0.0433355646  0.0924254173  0.106123266  0.0740425537
  0.0658064646  0.2330777  0.0443720488  0.10706912  0.0874047631
  0.103195015  0.0438398344  0.100685309  0.0853575375  0.584660214
  0.0819186552  0.0823732264  0.299059758  0.0600133427  0.224298502
  0.700070169  0.0304247958  0.156875738  0.131003388  0.148895188
  0.0953406448  0.182702513  0.123101832  0.0944817301  0.105682022
  0.285636103  0.0260623704  0.107048476  0.164175588  0.248409738
  0.0759789303  0.0328862938  0.305873859  0.0741623425  0.1871919
  0.225490819  0.0198490029  0.100708509  0.0765507142  0.534590712
  0.0688001683  0.135469536  0.157074524  0.0526275894  0.16279885
  0.679815069  0.0250673237  0.135102825  0.182572102  0.100563324
  0.0681779173  0.117104718  0.112387019  0.0689671506  0.0970956915
  0.014933237  0.711831579  0.0560260486  0.0763370995  0.0356992274
  0.0902272908  0.126828379  0.0876916753  0.172929179  0.107077418
  0.17240566  0.108160884  0.130611388  0.602286574  0.0677793502  0.0948630816
  0.0484593584  0.0669422152  0.141030938  0.106541191
  0.00877160149  0.748558861  0.0635917534  0.120662725  0.0735830009
  0.103327709  0.117446955  0.095231936  0.175365488  0.129760832
  0.215886311  0.0895467305  0.158617055  0.614988639  0.0811190433
  0.106909552  0.0469909148  0.0755744584  0.139777457  0.10651949
  0.317558464  0.0349616959  0.0996826576  0.0470652522  0.508326562
  0.0834603096  0.26794492  0.142650777  0.0508012403  0.122573978
  0.102908079  0.0783500159  0.107926614  0.129206328  0.112599859
  0.0979702131  0.025973948  0.312387306  0.287910334  0.309593769
  0.267756207  0.165048792  0.196788813  0.292904882  0.0802529721  0.126168791
  0.134260942  0.0531145081  0.159410593  0.0548140371
  0.194330326  0.036029562  0.106195751  0.130989313  0.134293763  0.0808650228
  0.0228098266  0.333061179  0.178728623  0.264826705
  0.0203395465  0.751653656  0.0564790892  0.0749083968  0.034969204
  0.0968725397  0.156692009  0.0958302155  0.170828062  0.106927019
  0.1911935  0.245312838  0.106154568  0.266030296  0.0289139513  0.0909245087
  0.254422386  0.0347407732  0.156895592  0.0586454234
  0.0317003513  0.687135183  0.0659717061  0.109080936  0.0235412836
  0.0968748972  0.128060467  0.0789467652  0.181133717  0.0934526271
  0.0203326744  0.752287783  0.0565362893  0.0752587161  0.03510231
  0.097106953  0.156684969  0.0959756582  0.170669081  0.106940109
  0.0737503734  0.0933402954  0.0753357235  0.0785737548  0.113123542
  0.0786671749  0.0387518378  0.337463714  0.245314013  0.374052577
  0.0281490005  0.105502387  0.0700287645  0.0557592206  0.339233296
  0.0813459043  0.0600263751  0.303290999  0.160627204  0.32780931
  0.167342963  0.235860795  0.138240628  0.173898549  0.0875471202  0.100923263
  0.193288115  0.039946196  0.091263493  0.0340921413
  0.0652161492  0.264583231  0.115130244  0.489909321  0.0614059704
  0.0913033445  0.116214258  0.0589989514  0.145962132  0.139293443
  0.315730441  0.0347979763  0.135706961  0.368603258  0.0662390698
  0.0690372247  0.0619052038  0.0694101192  0.11411765  0.10151717
  0.0153370147  0.492528799  0.0805180833  0.276266449  0.0783372543
  0.0840386495  0.0768355395  0.0895965216  0.15482806  0.167270014
  0.11432232  0.0817535252  0.093886475  0.0333126348  0.376901292
  0.0777274634  0.37002625  0.0829381974  0.0804444268  0.109728577
  0.181378728  0.0237440382  0.112056027  0.0950245324  0.545647631
  0.0791609433  0.12783838  0.165719853  0.0652179382  0.176153854
  0.184321337  0.0298892901  0.0977856945  0.0887035883  0.60641949
  0.0748683599  0.122478347  0.173402068  0.040478639  0.144340884
  0.309450238  0.0982927814  0.0843531101  0.0867763295  0.0821403398
  0.065088948  0.549116103  0.0374215855  0.0607771071  0.0591885637
  0.28740679  0.077877195  0.198925487  0.615528386  0.103376522  0.108787363
  0.0673856208  0.0887253915  0.129727184  0.105434335
  0.380861453  0.0132816213  0.0919558698  0.0848766313  0.392629719
  0.059588087  0.150401519  0.116183523  0.0463445539  0.124095715
  0.409246391  0.0402918002  0.146884805  0.424510533  0.101155343  0.076478374
  0.0772724766  0.0912689575  0.079294018  0.101569983
  0.156450502  0.0507591093  0.0864527212  0.0536502018  0.355492836
  0.0646207968  0.129116656  0.0931683222  0.0437298413  0.0719044604
  0.70407128  0.0186440317  0.141835163  0.139089978  0.187348988  0.0831834457
  0.184479486  0.142376405  0.083237689  0.143685911
  0.220674372  0.0254008593  0.108105545  0.107510619  0.606513089
  0.0826241429  0.135009158  0.174190202  0.0486016964  0.164190085
  0.0280301979  0.766121299  0.0703816916  0.137819311  0.0337564917
  0.120753811  0.123150039  0.114217244  0.186671536  0.114482779
  0.213969286  0.0247798343  0.091032439  0.0551112351  0.533705219
  0.0697550484  0.13463462  0.211333728  0.0561150379  0.189754221
  0.273521816  0.0611673153  0.0778547402  0.0538550574  0.142335651
  0.0831718626  0.0260527729  0.366077599  0.119576032  0.196083902
  0.353793694  0.0216031758  0.11049781  0.273424645  0.158799113  0.0619850027
  0.0484629418  0.173309691  0.0522359602  0.132472825
  0.220355125  0.0641627133  0.102225633  0.0478497842  0.175391015
  0.0797593844  0.267903563  0.0760127562  0.129956299  0.122802459
  0.0685775209  0.0328333069  0.0718913068  0.0583664847  0.31709503
  0.0557646868  0.101737561  0.210137459  0.11312669  0.298660746
  0.0915423365  0.181132266  0.14861192  0.188775716  0.0661541091  0.122195745
  0.179471662  0.0829891949  0.287210079  0.16963606
  0.124651301  0.0297307934  0.0955886525  0.105565949  0.278172122
  0.0579305926  0.0406060201  0.22223184  0.0658646369  0.165319028
  0.148035464  0.0196950479  0.0813843194  0.103865082  0.287157673
  0.0561992766  0.164395542  0.100865746  0.0978425859  0.21070502
  0.251099109  0.0623447947  0.0897389135  0.0373396806  0.252546138
  0.0667371925  0.217251951  0.0891703489  0.0501661132  0.0679083462
  0.167405876  0.0288344467  0.0898589206  0.0541870207  0.562271656
  0.0665709347  0.116627846  0.219183619  0.051876615  0.186310432
  0.194301774  0.0922349305  0.142891143  0.589533178  0.0686399051
  0.093270154  0.0561514359  0.0708012894  0.153098256  0.1115906
  0.651891749  0.032178361  0.120355951  0.151392495  0.0822841164
  0.0684925337  0.132225452  0.0895836023  0.0726681442  0.0803847749
  0.315307818  0.0315144376  0.0967026705  0.0835997705  0.137451263
  0.0668723527  0.0333407367  0.325366245  0.107100809  0.198117173
  0.679815069  0.0250673237  0.135102825  0.182572102  0.100563324
  0.0681779173  0.117104718  0.112387019  0.0689671506  0.0970956915
  0.509279203  0.0557195303  0.139868375  0.241881745  0.06769013  0.078598326
  0.121541483  0.0621582822  0.0909119722  0.0639300564
  0.0495817182  0.292363961  0.082361216  0.126860336  0.0453252832
  0.0985421607  0.0465141582  0.175705134  0.336501088  0.226479331
  0.0203402243  0.75164609  0.056478757  0.0749048087  0.0349667349
  0.0968704263  0.156692062  0.0958291211  0.170830924  0.106926862
  0.0205938514  0.143235295  0.0431089186  0.0388780099  0.198444419
  0.0553150383  0.0389760515  0.280364719  0.119070924  0.292959202
  0.172405241  0.108161609  0.130611678  0.602287109  0.0677793138
  0.0948632844  0.0484596613  0.0669420874  0.141031107  0.106541125
  0.0992263746  0.0847060626  0.0913819954  0.112456858  0.160643854
  0.0666692836  0.0295923592  0.356348162  0.0796809201  0.222187926
  0.0343677233  0.164995027  0.0666813628  0.0850667927  0.0853399329
  0.0677929015  0.0403104029  0.228065939  0.228389509  0.323435074
  0.119205552  0.0844244713  0.0865732285  0.0665497697  0.130412451
  0.0870517119  0.0290430906  0.381453735  0.168807462  0.271033642
  0.232168807  0.0206122213  0.109280861  0.165422952  0.394858286  0.0713305
  0.108090989  0.22455644  0.0592812157  0.231761239
  0.144207108  0.147561615  0.0644439327  0.0617538209  0.110579501
  0.0540623896  0.63874987  0.0346471207  0.0570853245  0.0734223338
  0.101819736  0.184298244  0.138825495  0.117598947  0.179964853  0.0917784925
  0.21900637  0.0472192144  0.086081332  0.0504748485
  0.207790566  0.0414731275  0.117783998  0.167583687  0.230545207
  0.0940640168  0.0249731971  0.394825563  0.12154963  0.241452825
  0.0336845399  0.186356785  0.0764639989  0.0651404117  0.196532122
  0.0840758178  0.134025818  0.0587756169  0.166491591  0.109091012
  0.177494806  0.0303235855  0.120109703  0.132243497  0.617029043
  0.0947870427  0.127438482  0.183522467  0.0602236758  0.177563352
  0.0457683339  0.141763751  0.0605342418  0.0590005231  0.102108926
  0.0673453747  0.0336736034  0.332711161  0.185707114  0.342224507
  0.354035092  0.0409039913  0.116824886  0.371377357  0.0899322761
  0.0643081109  0.0827649391  0.082721283  0.0730023162  0.101312023
  0.185107386  0.0273036691  0.0602011346  0.0367852628  0.367709074
  0.0450972833  0.269875288  0.10547285  0.0341622172  0.123450651
  0.014515589  0.760765279  0.0603364316  0.107136642  0.0473843531
  0.107814955  0.126461268  0.0980995709  0.161216913  0.108052805
  0.245559982  0.0601330982  0.16130381  0.510005344  0.0620828565
  0.0878191919  0.0543290384  0.0710188753  0.163593949  0.110746195
  0.144151631  0.147603586  0.0644304987  0.0617292288  0.110579417
  0.0540514925  0.638698486  0.0346467552  0.0570648014  0.0734017003
  0.0420873573  0.130119457  0.056666595  0.0223651806  0.265680959
  0.0737402223  0.158842461  0.164127721  0.15521552  0.228818692
  0.160872892  0.0731096967  0.125263702  0.466572651  0.0411329959
  0.0692748896  0.0417635499  0.0781651365  0.165699854  0.123848708
  0.00897205055  0.698024315  0.0593404563  0.0871424896  0.0562457057
  0.0866047451  0.11753314  0.0853016682  0.188750777  0.129453977
  0.156944125  0.0259937917  0.0651509792  0.0344731767  0.446439145
  0.0482418749  0.163386328  0.12636858  0.0404233823  0.130032463
  0.00924654515  0.637309041  0.0660019937  0.169066199  0.078724422
  0.0904652439  0.0592322922  0.114474505  0.186368818  0.168463878
  0.0265895365  0.439345311  0.0840067126  0.297161349  0.0466898403
  0.0806446335  0.0523738423  0.108391163  0.139451352  0.136618373
  0.235255247  0.117629187  0.0758586279  0.0463371006  0.16141786
  0.0618447114  0.657556237  0.0471524019  0.0601254771  0.0863461923
  0.147470469  0.0239662515  0.0986204572  0.103287764  0.497823398
  0.0714957576  0.124296709  0.164811978  0.0609274364  0.178138527
